-1 
-0.970209 
-0.940836 
-0.911875 
-0.883324 
-0.85518 
-0.82744 
-0.800099 
-0.773156 
-0.746606 
-0.720446 
-0.694674 
-0.669285 
-0.644278 
-0.619647 
-0.595392 
-0.571507 
-0.547991 
-0.52484 
-0.50205 
-0.47962 
-0.457545 
-0.435823 
-0.414451 
-0.393426 
-0.372744 
-0.352402 
-0.332399 
-0.31273 
-0.293393 
-0.274384 
-0.255702 
-0.237342 
-0.219303 
-0.20158 
-0.184172 
-0.167076 
-0.150288 
-0.133805 
-0.117626 
-0.101747 
-0.0861653 
-0.0708782 
-0.0558829 
-0.0411767 
-0.0267569 
-0.0126207 
0.00123448 
0.0148114 
0.0281128 
0.0411413 
0.0538994 
0.06639 
0.0786155 
0.0905786 
0.102282 
0.113728 
0.124919 
0.135859 
0.146548 
0.156991 
0.167189 
0.177145 
0.186862 
0.196342 
0.205586 
0.214599 
0.223382 
0.231938 
0.240269 
0.248377 
0.256265 
0.263936 
0.271391 
0.278633 
0.285664 
0.292487 
0.299104 
0.305517 
0.311729 
0.317741 
0.323556 
0.329177 
0.334605 
0.339842 
0.344892 
0.349755 
0.354435 
0.358933 
0.363252 
0.367394 
0.37136 
0.375153 
0.378776 
0.382229 
0.385516 
0.388638 
0.391597 
0.394396 
0.397036 
0.39952 
0.401849 
0.404026 
0.406051 
0.407929 
0.409659 
0.411245 
0.412688 
0.413991 
0.415154 
0.41618 
0.417071 
0.417829 
0.418455 
0.418952 
0.419321 
0.419564 
0.419683 
0.41968 
0.419556 
0.419314 
0.418954 
0.41848 
0.417892 
0.417192 
0.416382 
0.415464 
0.414439 
0.413309 
0.412077 
0.410742 
0.409308 
0.407776 
0.406146 
0.404422 
0.402605 
0.400696 
0.398696 
0.396608 
0.394433 
0.392172 
0.389828 
0.387401 
0.384893 
0.382306 
0.379641 
0.376899 
0.374083 
0.371193 
0.368231 
0.365199 
0.362097 
0.358928 
0.355693 
0.352393 
0.349029 
0.345603 
0.342117 
0.338571 
0.334968 
0.331307 
0.327592 
0.323822 
0.32 
0.316126 
0.312203 
0.30823 
0.30421 
0.300144 
0.296033 
0.291878 
0.287681 
0.283442 
0.279163 
0.274845 
0.27049 
0.266098 
0.261671 
0.257209 
0.252715 
0.248188 
0.243631 
0.239044 
0.234429 
0.229786 
0.225117 
0.220423 
0.215705 
0.210963 
0.2062 
0.201415 
0.196611 
0.191788 
0.186946 
0.182088 
0.177214 
0.172325 
0.167422 
0.162507 
0.157579 
0.15264 
0.147691 
0.142733 
0.137767 
0.132793 
0.127813 
0.122828 
0.117838 
0.112844 
0.107848 
0.102849 
0.0978494 
0.0928494 
0.08785 
0.082852 
0.0778563 
0.0728635 
0.0678746 
0.0628903 
0.0579114 
0.0529387 
0.047973 
0.043015 
0.0380655 
0.0331252 
0.0281948 
0.0232751 
0.0183669 
0.0134707 
0.00858737 
0.00371754 
-0.00113809 
-0.00597884 
-0.0108041 
-0.0156131 
-0.0204052 
-0.0251798 
-0.0299363 
-0.034674 
-0.0393924 
-0.0440907 
-0.0487684 
-0.0534248 
-0.0580595 
-0.0626718 
-0.0672611 
-0.0718269 
-0.0763686 
-0.0808857 
-0.0853776 
-0.0898438 
-0.0942837 
-0.0986968 
-0.103083 
-0.107441 
-0.111771 
-0.116072 
-0.120343 
-0.124585 
-0.128797 
-0.132978 
-0.137128 
-0.141247 
-0.145333 
-0.149387 
-0.153408 
-0.157396 
-0.16135 
-0.16527 
-0.169155 
-0.173006 
-0.176821 
-0.180601 
-0.184344 
-0.188052 
-0.191722 
-0.195356 
-0.198952 
-0.20251 
-0.20603 
-0.209512 
-0.212954 
-0.216358 
-0.219723 
-0.223048 
-0.226333 
-0.229578 
-0.232782 
-0.235946 
-0.239068 
-0.242149 
-0.245189 
-0.248187 
-0.251143 
-0.254057 
-0.256928 
-0.259757 
-0.262542 
-0.265285 
-0.267984 
-0.27064 
-0.273252 
-0.27582 
-0.278345 
-0.280825 
-0.28326 
-0.285651 
-0.287998 
-0.290299 
-0.292556 
-0.294768 
-0.296934 
-0.299055 
-0.30113 
-0.30316 
-0.305145 
-0.307083 
-0.308976 
-0.310822 
-0.312623 
-0.314377 
-0.316085 
-0.317747 
-0.319363 
-0.320932 
-0.322455 
-0.323931 
-0.325361 
-0.326744 
-0.32808 
-0.32937 
-0.330614 
-0.33181 
-0.33296 
-0.334064 
-0.33512 
-0.33613 
-0.337094 
-0.33801 
-0.338881 
-0.339704 
-0.340481 
-0.341212 
-0.341896 
-0.342533 
-0.343124 
-0.343669 
-0.344168 
-0.34462 
-0.345026 
-0.345386 
-0.3457 
-0.345969 
-0.346191 
-0.346368 
-0.346499 
-0.346584 
-0.346624 
-0.346619 
-0.346569 
-0.346473 
-0.346333 
-0.346147 
-0.345917 
-0.345643 
-0.345324 
-0.34496 
-0.344553 
-0.344101 
-0.343606 
-0.343067 
-0.342484 
-0.341858 
-0.341189 
-0.340477 
-0.339722 
-0.338924 
-0.338084 
-0.337201 
-0.336277 
-0.335311 
-0.334302 
-0.333253 
-0.332162 
-0.33103 
-0.329857 
-0.328644 
-0.32739 
-0.326096 
-0.324762 
-0.323388 
-0.321975 
-0.320523 
-0.319031 
-0.317501 
-0.315932 
-0.314325 
-0.31268 
-0.310998 
-0.309277 
-0.30752 
-0.305726 
-0.303894 
-0.302027 
-0.300123 
-0.298184 
-0.296209 
-0.294198 
-0.292153 
-0.290073 
-0.287958 
-0.285809 
-0.283627 
-0.281411 
-0.279162 
-0.276879 
-0.274565 
-0.272218 
-0.269839 
-0.267428 
-0.264986 
-0.262513 
-0.260009 
-0.257475 
-0.254911 
-0.252317 
-0.249694 
-0.247041 
-0.24436 
-0.241651 
-0.238914 
-0.236149 
-0.233356 
-0.230537 
-0.227691 
-0.224819 
-0.221921 
-0.218997 
-0.216048 
-0.213074 
-0.210076 
-0.207054 
-0.204008 
-0.200938 
-0.197846 
-0.194731 
-0.191593 
-0.188434 
-0.185253 
-0.182051 
-0.178829 
-0.175586 
-0.172323 
-0.16904 
-0.165738 
-0.162418 
-0.159079 
-0.155722 
-0.152347 
-0.148955 
-0.145546 
-0.14212 
-0.138679 
-0.135222 
-0.131749 
-0.128262 
-0.12476 
-0.121244 
-0.117715 
-0.114172 
-0.110616 
-0.107048 
-0.103468 
-0.0998758 
-0.0962727 
-0.0926587 
-0.0890343 
-0.0853999 
-0.0817559 
-0.0781028 
-0.0744408 
-0.0707705 
-0.0670922 
-0.0634064 
-0.0597135 
-0.0560139 
-0.0523081 
-0.0485963 
-0.0448791 
-0.0411569 
-0.03743 
-0.033699 
-0.0299642 
-0.026226 
-0.0224849 
-0.0187413 
-0.0149955 
-0.0112481 
-0.00749944 
-0.00374993 
0 
0.00374993 
0.00749944 
0.0112481 
0.0149955 
0.0187413 
0.0224849 
0.026226 
0.0299642 
0.033699 
0.03743 
0.0411569 
0.0448791 
0.0485963 
0.0523081 
0.0560139 
0.0597135 
0.0634064 
0.0670922 
0.0707705 
0.0744408 
0.0781028 
0.0817559 
0.0853999 
0.0890343 
0.0926587 
0.0962727 
0.0998758 
0.103468 
0.107048 
0.110616 
0.114172 
0.117715 
0.121244 
0.12476 
0.128262 
0.131749 
0.135222 
0.138679 
0.14212 
0.145546 
0.148955 
0.152347 
0.155722 
0.159079 
0.162418 
0.165738 
0.16904 
0.172323 
0.175586 
0.178829 
0.182051 
0.185253 
0.188434 
0.191593 
0.194731 
0.197846 
0.200938 
0.204008 
0.207054 
0.210076 
0.213074 
0.216048 
0.218997 
0.221921 
0.224819 
0.227691 
0.230537 
0.233356 
0.236149 
0.238914 
0.241651 
0.24436 
0.247041 
0.249694 
0.252317 
0.254911 
0.257475 
0.260009 
0.262513 
0.264986 
0.267428 
0.269839 
0.272218 
0.274565 
0.276879 
0.279162 
0.281411 
0.283627 
0.285809 
0.287958 
0.290073 
0.292153 
0.294198 
0.296209 
0.298184 
0.300123 
0.302027 
0.303894 
0.305726 
0.30752 
0.309277 
0.310998 
0.31268 
0.314325 
0.315932 
0.317501 
0.319031 
0.320523 
0.321975 
0.323388 
0.324762 
0.326096 
0.32739 
0.328644 
0.329857 
0.33103 
0.332162 
0.333253 
0.334302 
0.335311 
0.336277 
0.337201 
0.338084 
0.338924 
0.339722 
0.340477 
0.341189 
0.341858 
0.342484 
0.343067 
0.343606 
0.344101 
0.344553 
0.34496 
0.345324 
0.345643 
0.345917 
0.346147 
0.346333 
0.346473 
0.346569 
0.346619 
0.346624 
0.346584 
0.346499 
0.346368 
0.346191 
0.345969 
0.3457 
0.345386 
0.345026 
0.34462 
0.344168 
0.343669 
0.343124 
0.342533 
0.341896 
0.341212 
0.340481 
0.339704 
0.338881 
0.33801 
0.337094 
0.33613 
0.33512 
0.334064 
0.33296 
0.33181 
0.330614 
0.32937 
0.32808 
0.326744 
0.325361 
0.323931 
0.322455 
0.320932 
0.319363 
0.317747 
0.316085 
0.314377 
0.312623 
0.310822 
0.308976 
0.307083 
0.305145 
0.30316 
0.30113 
0.299055 
0.296934 
0.294768 
0.292556 
0.290299 
0.287998 
0.285651 
0.28326 
0.280825 
0.278345 
0.27582 
0.273252 
0.27064 
0.267984 
0.265285 
0.262542 
0.259757 
0.256928 
0.254057 
0.251143 
0.248187 
0.245189 
0.242149 
0.239068 
0.235946 
0.232782 
0.229578 
0.226333 
0.223048 
0.219723 
0.216358 
0.212954 
0.209512 
0.20603 
0.20251 
0.198952 
0.195356 
0.191722 
0.188052 
0.184344 
0.180601 
0.176821 
0.173006 
0.169155 
0.16527 
0.16135 
0.157396 
0.153408 
0.149387 
0.145333 
0.141247 
0.137128 
0.132978 
0.128797 
0.124585 
0.120343 
0.116072 
0.111771 
0.107441 
0.103083 
0.0986968 
0.0942837 
0.0898438 
0.0853776 
0.0808857 
0.0763686 
0.0718269 
0.0672611 
0.0626718 
0.0580595 
0.0534248 
0.0487684 
0.0440907 
0.0393924 
0.034674 
0.0299363 
0.0251798 
0.0204052 
0.0156131 
0.0108041 
0.00597884 
0.00113809 
-0.00371754 
-0.00858737 
-0.0134707 
-0.0183669 
-0.0232751 
-0.0281948 
-0.0331252 
-0.0380655 
-0.043015 
-0.047973 
-0.0529387 
-0.0579114 
-0.0628903 
-0.0678746 
-0.0728635 
-0.0778563 
-0.082852 
-0.08785 
-0.0928494 
-0.0978494 
-0.102849 
-0.107848 
-0.112844 
-0.117838 
-0.122828 
-0.127813 
-0.132793 
-0.137767 
-0.142733 
-0.147691 
-0.15264 
-0.157579 
-0.162507 
-0.167422 
-0.172325 
-0.177214 
-0.182088 
-0.186946 
-0.191788 
-0.196611 
-0.201415 
-0.2062 
-0.210963 
-0.215705 
-0.220423 
-0.225117 
-0.229786 
-0.234429 
-0.239044 
-0.243631 
-0.248188 
-0.252715 
-0.257209 
-0.261671 
-0.266098 
-0.27049 
-0.274845 
-0.279163 
-0.283442 
-0.287681 
-0.291878 
-0.296033 
-0.300144 
-0.30421 
-0.30823 
-0.312203 
-0.316126 
-0.32 
-0.323822 
-0.327592 
-0.331307 
-0.334968 
-0.338571 
-0.342117 
-0.345603 
-0.349029 
-0.352393 
-0.355693 
-0.358928 
-0.362097 
-0.365199 
-0.368231 
-0.371193 
-0.374083 
-0.376899 
-0.379641 
-0.382306 
-0.384893 
-0.387401 
-0.389828 
-0.392172 
-0.394433 
-0.396608 
-0.398696 
-0.400696 
-0.402605 
-0.404422 
-0.406146 
-0.407776 
-0.409308 
-0.410742 
-0.412077 
-0.413309 
-0.414439 
-0.415464 
-0.416382 
-0.417192 
-0.417892 
-0.41848 
-0.418954 
-0.419314 
-0.419556 
-0.41968 
-0.419683 
-0.419564 
-0.419321 
-0.418952 
-0.418455 
-0.417829 
-0.417071 
-0.41618 
-0.415154 
-0.413991 
-0.412688 
-0.411245 
-0.409659 
-0.407929 
-0.406051 
-0.404026 
-0.401849 
-0.39952 
-0.397036 
-0.394396 
-0.391597 
-0.388638 
-0.385516 
-0.382229 
-0.378776 
-0.375153 
-0.37136 
-0.367394 
-0.363252 
-0.358933 
-0.354435 
-0.349755 
-0.344892 
-0.339842 
-0.334605 
-0.329177 
-0.323556 
-0.317741 
-0.311729 
-0.305517 
-0.299104 
-0.292487 
-0.285664 
-0.278633 
-0.271391 
-0.263936 
-0.256265 
-0.248377 
-0.240269 
-0.231938 
-0.223382 
-0.214599 
-0.205586 
-0.196342 
-0.186862 
-0.177145 
-0.167189 
-0.156991 
-0.146548 
-0.135859 
-0.124919 
-0.113728 
-0.102282 
-0.0905786 
-0.0786155 
-0.06639 
-0.0538994 
-0.0411413 
-0.0281128 
-0.0148114 
-0.00123448 
0.0126207 
0.0267569 
0.0411767 
0.0558829 
0.0708782 
0.0861653 
0.101747 
0.117626 
0.133805 
0.150288 
0.167076 
0.184172 
0.20158 
0.219303 
0.237342 
0.255702 
0.274384 
0.293393 
0.31273 
0.332399 
0.352402 
0.372744 
0.393426 
0.414451 
0.435823 
0.457545 
0.47962 
0.50205 
0.52484 
0.547991 
0.571507 
0.595392 
0.619647 
0.644278 
0.669285 
0.694674 
0.720446 
0.746606 
0.773156 
0.800099 
0.82744 
0.85518 
0.883324 
0.911875 
0.940836 
0.970209 
1 
